"","PATID","AEDATE","A1SEVRTY","A1RDRUG1","A1RDRUG2","A1OUTCM"
"1",948442,25,1,0,1,2
"2",948442,189,2,0,0,4
"3",948442,133,2,0,0,2
"4",948442,5,2,0,0,2
"5",85038,76,2,0,0,2
"6",85038,67,2,0,0,2
"7",85038,60,2,0,0,2
"8",85038,143,2,0,0,2
"9",626492,62,2,0,1,2
"10",626492,153,2,0,0,2
"11",626492,153,2,0,0,2
"12",626492,32,2,0,0,2
"13",626492,104,2,0,0,2
"14",626492,12,2,0,0,2
"15",632936,190,2,0,0,2
"16",632936,74,2,0,0,2
"17",632936,53,2,0,0,2
"18",632936,28,2,0,0,2
"19",632936,22,2,0,0,2
"20",632936,94,2,0,0,2
"21",632936,3,2,0,1,2
"22",415576,58,2,0,0,2
"23",415576,224,3,0,0,2
"24",626802,180,2,0,0,4
"25",626802,25,2,0,0,2
"26",626802,20,2,0,0,2
"27",626802,138,2,0,0,4
"28",626802,131,2,0,0,2
"29",626802,84,3,0,0,2
"30",626802,80,3,0,0,2
"31",422129,42,2,0,0,2
"32",422129,24,2,0,0,2
"33",422129,220,2,0,0,2
"34",29321,1,2,0,1,2
"35",496667,64,1,0,1,2
"36",496667,222,2,0,0,2
"37",496667,155,2,0,0,2
"38",496667,-4,2,0,0,2
"39",439591,224,3,0,0,2
"40",439591,56,2,0,0,2
"41",439591,11,2,0,0,2
"42",439591,209,2,0,0,2
"43",723713,118,2,0,0,2
"44",723713,64,2,0,0,2
"45",723713,90,2,0,0,2
"46",874946,176,2,0,0,2
"47",364554,118,2,0,0,2
"48",364554,84,2,0,0,2
"49",364554,63,2,0,0,2
"50",364554,215,2,0,0,4
"51",364554,139,2,0,0,2
"52",235749,20,2,0,0,2
"53",399684,17,1,1,0,2
"54",399684,72,2,0,0,2
"55",991520,22,2,0,0,2
"56",991520,82,2,0,0,2
"57",991520,227,2,0,0,4
"58",927605,167,2,0,0,2
"59",927605,3,2,0,0,4
"60",733283,7,2,0,0,4
"61",733283,7,2,0,0,4
"62",309573,2,1,0,1,2
"63",309573,2,1,0,1,2
"64",309573,2,2,0,1,2
"65",588958,96,2,0,0,2
"66",953263,8,2,1,0,2
"67",953263,212,2,0,0,2
"68",953263,-1,2,0,0,4
"69",953263,168,2,0,0,2
"70",590223,82,2,0,0,2
"71",590223,39,2,0,0,2
"72",951079,171,3,0,0,2
"73",661436,95,2,0,0,2
"74",3860,21,2,0,0,2
"75",66463,20,2,0,0,2
"76",166535,2,2,0,0,2
"77",166535,103,2,0,0,2
"78",166535,69,2,0,0,2
"79",166535,80,2,0,0,2
"80",524053,14,3,0,0,2
"81",524053,7,2,0,0,4
"82",524053,9,2,0,0,2
"83",348341,50,1,0,1,2
"84",977321,32,2,0,0,4
"85",75450,22,2,0,0,2
"86",75450,30,2,1,0,2
"87",953291,24,2,0,0,2
"88",68219,19,3,0,0,2
"89",68219,4,2,0,0,2
"90",68219,63,3,0,0,2
"91",406151,9,2,0,0,2
"92",406151,5,2,0,0,2
"93",406151,30,2,0,1,4
"94",406151,30,2,0,0,2
"95",406151,9,2,0,0,2
"96",319699,95,2,0,0,2
"97",319699,19,2,0,0,2
"98",319699,50,2,0,0,2
"99",319699,19,2,0,0,2
"100",365912,154,2,0,0,4
"101",365912,112,3,0,0,2
"102",567784,89,3,0,0,2
"103",567784,79,2,0,0,2
"104",203327,62,2,0,0,2
"105",459819,228,2,0,0,2
"106",459819,10,2,0,0,2
"107",459819,143,2,0,0,3
"108",605507,121,2,0,0,2
"109",613638,176,2,0,0,2
"110",613638,24,2,0,0,2
"111",613638,24,2,0,0,2
"112",613638,24,2,0,0,2
"113",613638,24,2,0,0,2
"114",613638,1,2,0,0,2
"115",613638,128,3,0,0,2
"116",613638,75,3,0,0,3
"117",85762,197,2,0,0,4
"118",327908,15,1,0,1,2
"119",327908,3,2,0,0,2
"120",934111,139,2,0,0,2
"121",312803,48,1,1,0,2
"122",312803,105,1,1,0,2
"123",15960,11,1,0,1,2
"124",622576,100,3,0,0,2
"125",768875,30,1,1,0,2
"126",323,14,2,0,0,4
"127",323,3,2,0,0,2
"128",323,30,2,0,0,2
"129",323,15,2,1,0,2
"130",929236,49,1,1,0,2
"131",229784,43,2,0,0,2
"132",804958,165,2,0,0,4
"133",804958,1,2,0,0,3
"134",504133,168,2,0,0,2
"135",504133,50,2,0,0,2
"136",803304,169,3,0,0,2
"137",589376,78,2,0,0,2
"138",589376,10,2,0,0,4
"139",865370,189,2,0,0,4
"140",479699,14,2,0,0,2
"141",660191,23,2,0,0,2
"142",660191,23,2,0,0,2
"143",239480,4,2,0,0,2
"144",239480,222,2,0,0,4
"145",255777,128,3,0,0,2
"146",810682,53,3,0,0,5
"147",810682,53,2,0,0,4
"148",810682,53,2,0,0,4
"149",810682,9,2,0,0,2
"150",407944,85,2,0,0,2
"151",862922,0,2,0,0,4
"152",862922,0,3,0,0,2
"153",850049,1,1,0,1,2
"154",678351,0,1,0,1,2
"155",566671,33,2,0,0,2
"156",566671,132,2,0,0,2
"157",83504,216,2,0,0,2
"158",302813,191,3,0,0,2
"159",314229,-7,2,0,0,2
"160",69597,28,2,0,0,4
"161",557639,9,2,0,0,2
"162",292708,200,3,0,0,2
"163",570177,241,3,0,0,4
"164",570177,97,2,0,0,2
"165",103147,212,2,0,0,2
"166",103147,136,3,0,0,2
"167",325955,34,2,0,0,2
"168",325955,25,1,1,0,2
"169",701989,15,1,0,1,2
"170",201969,182,3,0,0,2
"171",549280,169,2,0,0,2
"172",658221,101,2,0,0,2
"173",658221,101,2,0,0,2
"174",299813,89,3,0,0,5
"175",496939,247,3,0,0,2
"176",984852,0,1,0,1,2
"177",415630,77,2,1,0,2
"178",415630,196,2,0,0,2
"179",121814,149,3,0,0,2
"180",983386,204,3,0,0,2
"181",750788,18,3,0,0,2
"182",750788,200,3,0,0,2
"183",135077,71,3,0,0,2
"184",135077,104,2,0,0,2
"185",617903,4,1,0,1,2
"186",664128,126,2,0,0,2
"187",664128,121,2,0,0,2
"188",664128,125,2,0,0,2
"189",595866,24,2,0,1,2
"190",331582,94,2,0,0,2
"191",331582,21,2,0,0,2
"192",166766,160,1,0,1,2
"193",668152,146,3,0,0,2
"194",831138,11,1,1,0,2
"195",269460,22,1,1,0,2
"196",328303,60,2,0,0,2
"197",328303,101,1,0,1,2
"198",328303,113,1,0,1,2
"199",328303,26,2,0,0,2
"200",328303,26,2,0,0,2
"201",328303,16,1,0,1,2
"202",328303,3,1,0,1,2
"203",328303,60,2,0,1,2
"204",485633,255,3,0,0,2
"205",485633,238,3,0,0,2
"206",677056,3,3,0,0,2
"207",594321,23,1,0,1,2
"208",882077,238,2,0,0,2
"209",383953,31,3,0,0,2
"210",156808,173,2,0,0,4
"211",156808,56,1,0,1,2
"212",780180,136,2,0,0,2
"213",780180,4,1,0,1,2
"214",990538,14,1,1,0,2
"215",990538,18,1,1,0,2
"216",990538,11,1,1,0,2
"217",443157,15,2,0,0,2
"218",443157,79,3,0,0,2
"219",443157,105,3,0,0,2
"220",32882,60,2,0,0,2
"221",32882,24,1,0,1,2
"222",32882,14,1,0,1,2
"223",32882,14,1,0,1,2
"224",32882,1,1,0,1,3
"225",32882,1,2,0,1,2
"226",32882,119,2,0,0,2
"227",213606,14,1,0,1,2
"228",251964,47,2,0,0,2
"229",269000,0,2,1,0,2
"230",982653,6,1,1,0,2
"231",84008,148,2,1,0,2
"232",84008,108,3,0,0,2
"233",84008,0,1,1,0,2
"234",635237,24,2,0,0,4
"235",812238,147,2,1,0,2
"236",812238,117,1,1,0,2
"237",812238,147,2,1,0,2
"238",812238,24,3,0,0,2
"239",109012,36,1,1,0,2
"240",109012,23,2,0,0,2
"241",853930,7,1,0,1,2
"242",853930,7,1,0,1,2
"243",187018,116,3,0,0,2
"244",187018,5,1,0,1,2
"245",98497,3,1,1,0,2
"246",712016,115,2,0,0,2
"247",712016,26,3,0,0,2
"248",235441,1,2,1,0,2
"249",443240,123,1,0,1,2
"250",443240,116,1,0,1,2
"251",443240,81,1,0,1,2
"252",443240,81,1,0,1,2
"253",443240,82,2,0,1,2
"254",443240,71,2,0,0,2
"255",522249,2,2,0,1,2
"256",522249,2,2,0,1,2
"257",522249,2,1,0,1,2
"258",444724,7,1,0,1,2
"259",444724,15,1,0,1,2
"260",569669,5,1,1,0,2
"261",569669,5,1,1,0,2
"262",569669,3,2,1,0,2
"263",557495,4,2,1,0,2
"264",357223,81,2,0,0,2
"265",357223,32,2,0,0,2
"266",357223,226,2,0,0,2
"267",357223,237,2,0,0,2
"268",703607,200,3,0,0,3
"269",824392,133,2,0,0,3
"270",824392,133,2,0,0,3
"271",824392,71,3,0,0,2
"272",627742,41,1,0,1,2
"273",245894,246,3,0,0,5
"274",221774,43,2,0,0,2
"275",920590,180,3,0,0,2
"276",366664,162,3,0,0,2
"277",55791,31,1,0,1,2
"278",689013,53,2,0,0,4
"279",689013,41,2,0,0,4
"280",801028,15,2,1,0,4
"281",431866,1,1,0,1,2
"282",191327,27,1,0,1,2
"283",267838,2,1,0,1,2
"284",910235,86,1,0,1,2
"285",946669,21,3,0,0,2
"286",978894,6,2,1,0,4
"287",650788,1,2,0,0,2
"288",650788,0,2,0,0,2
"289",538913,141,3,0,0,4
"290",271562,26,2,0,0,2
"291",60772,2,1,1,0,2
"292",60772,2,1,1,0,2
"293",60772,2,1,1,0,2
"294",60772,2,1,1,0,2
"295",893438,239,3,0,0,2
"296",595670,2,1,1,0,4
"297",878399,248,2,0,0,2
"298",878399,4,2,0,0,2
"299",878399,84,2,0,0,2
"300",690586,0,1,0,1,2
"301",481484,158,2,0,0,2
"302",481484,0,1,0,1,2
"303",481484,0,1,0,1,2
"304",217317,0,2,0,0,2
"305",217317,0,2,0,0,2
"306",217317,0,3,0,0,2
"307",217317,0,2,0,0,4
"308",887535,234,2,0,0,4
"309",918569,163,2,0,0,2
"310",918569,119,2,0,0,2
"311",918569,95,2,0,0,2
"312",918569,79,2,0,0,2
"313",918569,31,2,0,0,2
"314",918569,31,2,0,0,2
"315",918569,21,1,0,1,2
"316",918569,145,2,0,0,2
"317",918569,145,2,0,0,2
"318",918569,7,3,0,0,2
"319",802832,3,1,1,0,2
"320",802832,3,2,1,0,2
"321",802832,2,1,1,0,2
"322",802832,2,2,1,0,2
"323",802832,0,3,1,0,2
"324",25278,16,1,1,0,2
"325",25278,16,1,1,0,2
"326",34837,91,2,0,0,2
"327",34837,52,3,0,0,2
"328",662341,70,2,0,0,2
"329",662341,69,2,0,0,2
"330",662341,31,2,0,0,2
"331",930060,135,2,0,0,2
"332",930060,1,1,1,0,2
"333",930060,1,1,1,0,2
"334",930060,1,1,1,0,2
"335",930060,1,1,1,0,2
"336",930060,1,1,1,0,2
"337",614109,0,2,1,0,2
"338",614109,0,2,1,0,2
"339",614109,0,2,1,0,2
"340",614109,0,1,1,0,2
"341",614109,0,2,1,0,2
"342",225025,132,3,0,0,2
"343",225025,177,3,0,0,5
"344",225025,142,2,0,0,2
"345",208462,3,2,0,0,2
"346",208462,187,3,0,0,2
"347",208462,69,2,0,0,2
"348",192210,4,2,0,0,2
"349",192210,4,2,0,0,2
"350",887593,98,1,0,1,2
"351",887593,6,2,0,1,2
"352",887593,24,2,0,0,2
"353",569682,143,2,0,0,2
"354",569682,3,3,1,0,2
"355",569682,1,1,1,0,2
"356",569682,1,1,1,0,2
"357",569682,43,2,0,0,2
"358",569682,172,3,0,0,2
"359",569682,120,2,0,0,2
"360",569682,106,2,0,0,2
"361",569682,90,2,0,0,2
"362",569682,86,3,0,0,2
"363",670370,31,1,1,0,2
"364",743645,2,2,1,0,2
"365",174187,10,2,0,0,2
"366",243176,8,1,0,1,2
"367",84741,204,2,0,0,2
"368",84741,204,2,0,0,2
"369",84741,204,2,0,0,2
"370",84741,64,2,0,0,2
"371",309086,323,3,0,0,2
"372",309086,323,2,0,0,2
"373",309086,325,3,0,0,2
"374",676435,0,2,1,0,2
"375",676435,0,3,1,0,2
"376",676435,0,1,1,0,2
"377",457793,1,2,1,0,4
"378",457793,1,3,1,0,4
"379",500193,15,2,0,0,4
"380",860725,43,2,0,0,2
"381",860725,34,3,0,0,2
"382",860725,34,3,0,0,2
"383",418711,0,1,0,1,2
"384",611412,4,1,1,0,2
"385",611412,4,1,1,0,2
"386",170538,9,1,0,1,2
"387",605995,174,3,0,0,2
"388",605995,174,2,0,0,2
"389",605995,73,2,0,1,4
"390",159330,146,3,0,0,2
"391",159330,0,2,0,0,2
"392",159330,0,3,0,0,2
"393",159330,0,2,0,0,2
"394",827523,4,1,1,0,2
"395",517374,56,1,1,0,2
"396",517374,15,2,0,0,2
"397",517374,5,2,1,0,2
"398",517374,5,2,1,0,2
"399",517374,5,2,1,0,2
"400",517374,102,2,0,0,2
"401",946505,5,1,1,0,2
"402",946505,3,1,1,0,2
"403",946505,3,1,1,0,2
"404",946505,36,2,0,0,2
"405",498652,167,2,0,0,2
"406",773495,12,3,0,0,2
"407",24212,104,2,0,0,2
"408",24212,104,2,0,0,2
"409",24212,169,2,0,0,2
"410",27328,14,1,0,1,2
"411",554099,7,3,0,0,2
"412",737600,31,2,0,1,2
"413",737600,13,1,0,1,2
"414",5995,96,1,0,1,2
"415",5995,64,1,0,1,2
"416",5995,4,2,0,0,2
"417",3735,183,2,0,0,2
"418",3735,2,2,1,0,2
"419",3735,2,2,1,0,2
"420",51512,124,2,0,0,2
"421",568007,45,2,0,0,2
"422",892944,61,3,0,0,2
"423",119573,7,1,1,0,2
"424",119573,7,1,1,0,2
"425",956298,90,1,1,0,2
"426",956298,153,1,1,0,2
"427",824491,4,1,1,0,2
"428",824491,4,1,1,0,2
"429",498984,0,1,1,0,2
"430",498984,201,3,0,0,2
"431",624651,91,2,0,0,2
"432",312985,74,1,0,1,2
"433",903998,45,1,0,1,2
"434",771169,37,1,0,1,2
"435",617413,285,2,0,0,2
"436",617413,271,2,0,0,2
"437",617413,91,2,0,0,2
"438",917247,237,2,0,0,4
"439",545633,9,2,1,0,2
"440",179301,52,3,0,0,3
"441",179301,52,3,0,0,3
"442",339314,97,2,0,0,4
"443",339314,97,2,0,0,4
"444",339314,97,2,0,0,4
"445",487631,211,2,0,0,2
"446",487631,93,2,0,0,4
"447",487631,174,2,0,0,2
"448",487631,167,2,0,0,2
"449",487631,149,2,0,0,4
"450",487631,8,2,0,1,2
"451",850623,78,2,0,0,2
"452",850623,78,2,0,0,2
"453",841420,141,2,0,0,2
"454",841420,194,2,0,0,2
"455",841420,165,2,0,0,2
"456",759274,123,2,0,0,2
"457",750023,-3,2,0,0,4
"458",475971,222,2,0,0,4
"459",298095,82,2,0,0,4
"460",298095,75,3,0,0,3
"461",967767,100,1,1,0,4
"462",967767,100,2,1,0,2
"463",967767,100,2,1,0,2
"464",967767,67,2,0,0,2
"465",330850,217,3,0,0,2
"466",330850,125,2,0,0,2
"467",79414,42,2,0,0,4
"468",79414,25,1,0,1,2
"469",825139,4,1,0,1,4
"470",825139,25,1,0,1,2
"471",235376,2,1,1,0,2
"472",141834,1,1,1,0,2
"473",429057,19,1,1,0,2
"474",429057,19,1,1,0,2
"475",429057,211,2,0,0,2
"476",429057,18,1,1,0,2
"477",714799,7,3,1,0,2
"478",302952,0,2,0,0,2
"479",6393,20,1,1,0,2
"480",726207,198,2,0,0,4
"481",726207,220,3,0,0,4
"482",726207,135,2,0,0,4
"483",726207,10,2,0,0,2
"484",726207,3,2,0,0,2
"485",726207,162,2,0,0,4
"486",726207,168,2,0,0,2
"487",635302,3,2,0,0,2
"488",903633,59,2,0,0,2
"489",903633,59,2,0,0,2
"490",903633,42,2,0,0,2
"491",903633,49,2,0,0,2
"492",903633,26,2,1,0,2
"493",903633,3,2,1,0,2
"494",903633,0,1,1,0,2
"495",903633,0,1,1,0,2
"496",83140,117,3,0,0,2
"497",103959,78,3,0,0,5
"498",103959,-3,1,1,0,2
"499",103959,1,1,1,0,2
"500",103959,51,2,0,0,4
"501",75035,266,3,0,0,2
"502",75035,261,2,0,0,2
"503",75035,0,1,0,1,4
"504",75035,14,2,0,0,2
"505",270174,73,2,0,0,2
"506",270174,83,3,0,0,2
"507",270174,45,2,0,0,2
"508",270174,31,1,1,0,2
"509",270174,235,2,0,0,4
"510",270174,217,2,0,0,3
"511",372998,1,1,0,1,2
"512",372998,0,1,0,1,2
"513",372998,53,2,0,0,2
"514",372998,11,1,0,1,2
"515",300843,232,2,0,0,3
"516",300843,118,2,0,0,2
"517",395566,0,1,0,1,2
"518",395566,170,2,0,0,4
"519",661416,1,1,1,0,2
"520",661416,0,2,1,0,2
"521",661416,0,2,1,0,2
"522",661416,0,2,1,0,2
"523",661416,94,2,0,0,4
"524",664797,146,2,0,0,4
"525",664797,12,2,0,0,4
"526",664797,56,2,0,0,2
"527",664797,24,1,0,1,2
"528",664797,170,2,0,0,2
"529",664797,150,2,0,0,2
"530",664797,150,2,0,0,2
"531",664797,82,2,0,0,2
"532",974758,4,1,0,1,2
"533",974758,4,1,0,1,2
"534",974758,93,1,0,1,2
"535",289698,275,2,0,0,4
"536",289698,15,2,0,0,4
"537",289698,15,2,0,0,4
"538",596523,1,2,0,0,2
"539",288644,76,1,0,1,2
"540",288644,140,1,0,1,2
"541",288644,118,1,0,1,2
"542",288644,62,2,0,0,4
"543",288644,62,1,0,1,2
"544",288644,1,1,0,1,2
"545",579750,18,2,0,0,2
"546",798232,85,3,0,0,2
"547",466409,14,2,0,0,4
"548",990732,167,2,0,0,2
"549",990732,166,2,0,0,2
"550",990732,157,2,0,0,2
"551",990732,213,2,0,0,2
"552",990732,37,2,0,0,2
"553",990732,17,2,0,0,3
"554",990732,11,2,0,0,2
"555",990732,7,2,0,0,2
"556",237907,130,2,0,0,2
"557",237907,0,2,1,0,2
"558",237907,0,1,1,0,2
"559",948194,167,2,0,0,2
"560",948194,162,2,0,0,2
"561",948194,110,2,0,0,2
"562",948194,166,2,0,0,2
"563",948194,69,2,0,0,2
"564",948194,53,2,0,0,2
"565",948194,39,2,0,0,2
"566",948194,4,1,0,1,2
"567",7436,12,2,0,0,4
"568",897701,27,2,0,0,2
"569",897701,40,1,0,1,2
"570",897701,4,2,0,0,2
"571",897701,26,2,0,0,2
"572",897701,26,2,0,0,2
"573",897701,175,2,0,0,2
"574",897701,123,2,0,0,2
"575",897701,48,2,0,0,2
"576",897701,0,1,0,1,2
"577",899431,1,1,1,0,2
"578",899431,26,1,1,0,2
"579",756773,0,1,0,1,2
"580",756773,55,2,0,1,2
"581",756773,61,2,0,0,2
"582",631640,19,1,0,1,2
"583",631640,0,1,0,1,2
"584",631640,0,1,0,1,2
"585",604560,0,1,1,0,2
"586",604560,0,1,1,0,2
"587",936471,12,2,0,0,2
"588",936471,12,2,0,0,2
"589",936471,12,2,0,0,2
"590",936471,12,2,0,0,2
"591",936471,12,2,0,0,2
"592",936471,16,2,1,0,2
"593",405417,194,2,0,0,2
"594",117720,97,2,0,0,2
"595",117720,14,2,0,0,2
"596",117720,180,2,0,0,2
"597",422021,19,3,0,0,3
"598",473119,160,1,0,1,2
"599",473119,84,2,0,0,2
"600",473119,84,2,0,0,2
"601",473119,4,1,0,1,2
"602",707054,18,3,0,0,4
"603",959778,1,2,0,1,2
"604",959778,166,2,0,0,2
"605",959778,1,2,0,1,2
"606",94437,88,1,1,0,2
"607",751676,52,1,0,1,2
"608",751676,52,1,0,1,2
"609",751676,42,2,0,1,2
"610",751676,2,2,0,0,2
"611",751676,26,2,0,1,2
"612",593084,24,2,0,0,2
"613",593084,149,1,0,1,2
"614",593084,24,2,0,0,2
"615",593084,0,1,0,1,2
"616",593084,93,1,0,1,2
"617",918733,138,2,0,0,2
"618",918733,156,3,0,0,2
"619",918733,138,2,0,0,2
"620",650352,79,3,0,0,4
"621",650352,31,1,1,0,3
"622",857691,248,3,0,0,5
"623",775126,5,1,0,1,2
"624",405435,22,1,0,1,2
"625",405435,22,1,0,1,2
"626",672007,128,2,0,0,2
"627",672007,216,2,0,0,4
"628",656540,35,3,0,0,2
"629",656540,3,1,1,0,2
"630",767299,193,2,0,0,2
"631",767299,174,2,0,0,2
"632",767299,233,3,0,0,2
"633",713490,221,2,0,0,2
"634",713490,202,2,0,0,4
"635",883484,154,3,0,0,2
"636",185534,131,3,0,0,2
"637",185534,137,2,0,0,2
"638",658642,1,3,0,0,2
"639",658642,4,3,0,0,2
"640",123710,0,2,1,0,2
"641",44035,192,3,0,0,2
"642",44035,192,2,0,0,2
"643",598850,11,2,0,0,2
"644",598850,3,2,0,0,2
"645",216416,215,3,0,0,2
"646",216416,50,2,0,0,2
"647",523866,9,1,0,1,2
"648",523866,191,2,0,0,2
"649",223943,15,2,0,0,2
"650",264310,219,3,0,0,2
"651",181671,2,1,1,0,2
"652",413728,58,2,0,0,2
"653",88981,175,2,0,1,4
"654",88981,50,2,0,1,2
"655",366945,180,3,0,0,5
